  0   0 220 
  0   0 225
  0   0 230 
  0   0 235
  0   0 240 
  0   0 245
  0   0 250 
  0   0 255
  0   5 255 
  0  10 255
  0  15 255
  0  20 255
  0  25 255
  0  30 255
  0  35 255
  0  40 255
  0  45 255
  0  50 255
  0  55 255
  0  60 255
  0  65 255
  0  70 255
  0  75 255
  0  80 255
  0  85 255 
  0  90 255
  0  95 255
  0 100 255
  0 105 255
  0 110 255
  0 115 255
  0 120 255
  0 125 255
  0 130 255
  0 135 255
  0 140 255
  0 145 255
  0 150 255
  0 155 255
  0 160 255
  0 165 255
  0 170 255
  0 175 255
  0 180 255
  0 185 255
  0 190 255
  0 195 255
  0 200 255
  0 205 255
  0 210 255
  0 215 255
  0 220 255
  0 225 255
  0 230 255
  0 235 255
  0 240 255
  0 245 255
  0 255 255
  0 255 247
  0 255 239
  0 255 231
  0 255 223
  0 255 215
  0 255 207
  0 255 199
  0 255 191
  0 255 183
  0 255 175
  0 255 167
  0 255 159
  0 255 151
  0 255 143
  0 255 135
  0 255 127
  0 255 119
  0 255 111
  0 255 103
  0 255  95
  0 255  87
  0 255  79
  0 255  71
  0 255  63
  0 255  55
  0 255  47
  0 255  39
  0 255  31
  0 255  23
  0 255  15
  0 255   0
  8 255   0
 16 255   0
 24 255   0
 32 255   0
 40 255   0
 48 255   0
 56 255   0
 64 255   0
 72 255   0
 80 255   0
 88 255   0
 96 255   0
104 255   0
112 255   0
120 255   0
128 255   0
136 255   0
144 255   0
152 255   0
160 255   0
168 255   0
176 255   0
184 255   0
192 255   0
200 255   0
208 255   0
216 255   0
224 255   0
232 255   0
240 255   0
248 255   0
255 255   0
255 255   0
255 251   0
255 247   0
255 243   0
255 239   0
255 235   0
255 231   0
255 227   0
255 223   0
255 219   0
255 215   0
255 211   0
255 207   0
255 203   0
255 199   0
255 195   0
255 191   0
255 187   0
255 183   0
255 179   0
255 175   0
255 171   0
255 167   0
255 163   0
255 159   0
255 155   0
255 151   0
255 147   0
255 143   0
255 139   0
255 135   0
255 131   0
255 127   0
255 123   0
255 119   0
255 115   0
255 111   0
255 107   0
255 103   0
255  99   0
255  95   0
255  91   0
255  87   0
255  83   0
255  79   0
255  75   0
255  71   0
255  67   0
255  63   0
255  59   0
255  55   0
255  51   0
255  47   0
255  43   0
255  39   0
255  35   0
255  31   0
255  27   0
255  23   0
255  19   0
255  15   0
255  11   0
255   7   0
255   3   0
255   0   0
250   0   0
245   0   0
240   0   0
235   0   0
230   0   0
225   0   0
220   0   0
215   0   0
210   0   0
205   0   0
200   0   0